ordinal=0 before=12709 after=13194 expansion=1.03816
ordinal=1 before=12706 after=13185 expansion=1.0377
ordinal=35 before=12555 after=13017 expansion=1.0368
ordinal=107 before=12674 after=13153 expansion=1.03779
