ordinal=0 before=12573 after=12610 expansion=1.00294
ordinal=1 before=12571 after=12606 expansion=1.00278
ordinal=35 before=12554 after=12571 expansion=1.00135
ordinal=50 before=12559 after=12594 expansion=1.00279
