ordinal=0 before=1927 after=1924 expansion=0.998443
ordinal=23 before=1861 after=1865 expansion=1.00215
